cam0:
  T_cam_imu:
  - [0.9997119064336046, -0.019788009308962483, 0.01358450670712627, 0.026047675569310615]
  - [0.0104601011024666, -0.15021833904692983, -0.9885975100610499, 0.12621634666605067]
  - [0.021603018766221574, 0.9884547967922307, -0.14996807753190744, 0.04250243560523352]
  - [0.0, 0.0, 0.0, 1.0]
  camera_model: pinhole
  distortion_coeffs: [0.0, 0.0, 0.0, 0.0]
  distortion_model: radtan
  intrinsics: [371.87841757637807, 371.4012028085941, 824.8788599812351, 621.7296679685809]
  resolution: [1640, 1232]
  rostopic: /cam0/image_raw
  timeshift_cam_imu: 0.10757071326706268
