# session_20260605_103651 Kalibr Summary

## Environment

- Docker image: `kalibr:ros1-20.04`
- Base environment: Ubuntu 20.04 / ROS Noetic
- Kalibr build: 36 packages succeeded

## Bag

- Bag: `kalibr/session_20260605_103651.bag`
- Camera topic: `/cam0/image_raw`
- IMU topic: `/imu0`
- Images: `3721`
- IMU samples: `30653`
- Camera range: `1780627011.444277 -> 1780627135.421653`
- IMU range: `1780627011.509897 -> 1780627135.595446`
- Timestamp overlap: `123.911756 s`

## AprilGrid Detection

- Extracted corners for `3416` images out of `3721`.

## Calibration Result

`T_cam0_imu0` / `T_cam_imu` means imu0 to cam0:

```text
[[ 0.99971191 -0.01978801  0.01358451  0.02604768]
 [ 0.01046010 -0.15021834 -0.98859751  0.12621635]
 [ 0.02160302  0.98845480 -0.14996808  0.04250244]
 [ 0.          0.          0.          1.        ]]
```

`T_imu0_cam0` / `T_ic` means cam0 to imu0:

```text
[[ 0.99971191  0.01046010  0.02160302 -0.02827859]
 [-0.01978801 -0.15021834  0.98845480 -0.02253629]
 [ 0.01358451 -0.98859751 -0.14996808  0.13079733]
 [ 0.          0.          0.          1.        ]]
```

Time shift:

```text
t_imu = t_cam + 0.10757071326706268 s
```

## Residuals After Optimization

- Reprojection error: mean `8.136546 px`, median `6.666036 px`, std `5.890024 px`
- Gyroscope error: mean `0.235445 rad/s`, median `0.129123 rad/s`, std `0.462625 rad/s`
- Accelerometer error: mean `1.775787 m/s^2`, median `1.245223 m/s^2`, std `1.548293 m/s^2`

## Generated Files

- `kalibr/session_20260605_103651-camchain-imucam.yaml`
- `kalibr/session_20260605_103651-imu.yaml`
- `kalibr/session_20260605_103651-results-imucam.txt`
- `kalibr/session_20260605_103651-report-imucam.pdf`

## Notes

This run uses the approximate `camchain_171453_trial.yaml` intrinsics and approximate IMU noise parameters. Treat the result as a successful pipeline calibration run; for final production extrinsics, recalibrate camera intrinsics for this exact camera/lens and use measured IMU noise parameters when available.
