cam0:
  T_cam_imu:
  - [0.9999591942530641, -0.00712909378615022, -0.00554849984689801, 0.03112437941691716]
  - [-0.005693363529098261, -0.020463064813991683, -0.9997743988471319, 0.10244657486783139]
  - [0.007013946142385662, 0.9997651919326891, -0.020502818325904892, 0.030729506473831696]
  - [0.0, 0.0, 0.0, 1.0]
  cam_overlaps: []
  camera_model: pinhole
  distortion_coeffs: [-0.011925575149450052, -0.003951306310202171, 0.0004051865456881907, -0.00030239381530415495]
  distortion_model: equidistant
  intrinsics: [407.16556289023475, 406.5719721278056, 830.9049270734243, 618.1957669770426]
  resolution: [1640, 1232]
  rostopic: /cam0/image_raw
  timeshift_cam_imu: 0.10594867294770188
